image_width: 2880
image_height: 1860
camera_name: camera
camera_matrix:
  rows: 3
  cols: 3
  data: [1501.92782575048, 0.0, 1425.79088610584, 0.0, 1503.39411613868, 940.80524203587,
    0.0, 0.0, 1.0]
distortion_model: rational_polynomial
distortion_coefficients:
  rows: 1
  cols: 8
  data: [0.32785058251, -0.07088357512, -2.627543e-05, 1.968324e-05, -0.00312575895,
    0.72797229717, -0.03612163335, -0.02163035439]
projection_matrix:
  rows: 3
  cols: 4
  data: [1257.7533110013, 0.0, 1398.6583647404, 0.0, 0.0, 1257.7533110013, 945.43532335866,
    0.0, 0.0, 0.0, 1.0, 0.0]
rectification_matrix:
  rows: 3
  cols: 3
  data: [1.0, 0.0, 0.0, 0.0, 1.0, 0.0, 0.0, 0.0, 1.0]
